20
982749972374309079 999999 12347 9699690 9748872 698378649 601383688 389954903 155982009
1558749102 1 10000000 10000000 10000000 30000001 780000000 660000001 389999998
567365141997043401 3960606 1985068 4125828 5630794 76825921 901167353 889742167 772908548
907005781191085944 1 5 9999949 9999991 839995717 809995867 459999587 579999478
21226979124954459 1992450 782255 2704224 4505616 370983767 153300418 852618302 706520016
1511881142 123 1 10000000 10000000 1 850000000 360000001 470000002
81834165 9999991 1 9999991 9999989 389999650 169999844 799999121 149999837
739825879172045328 2683878 7208112 2912862 8898138 631358954 451401022 51028288 625542185
86974256 123456 557 9988776 1025 729181302 409540566 403985 491394225
848937385843 8 7 17 19 0 5 6 2
1530944270 123456 557 9988776 1025 559372110 918968142 802729910 688062000
95658191 9999991 1 9999991 9999989 259999767 659999403 989998912 909999000
36302668 1 10000000 10000000 10000000 910000001 610000000 380000001 579999998
1433256560 9999909 9999991 9999949 9999991 979995003 749996173 139999875 249999775
47024811 9999991 1 9999991 9999989 729999344 309999719 789999132 309999659
1603800783 9999991 1 9999991 9999989 69999938 529999520 339999627 679999254
54341206 9999909 9999991 9999949 9999991 689996482 829995765 749999326 389999649
6042199 9 123456 18 10000000 39655126 836306508 640000324 90000765
1606423995 9999909 9999991 9999949 10000000 499997451 929995254 810000001 970000002
1567487689 9 123456 18 10000000 865981936 625209438 350000324 390000765
