5
12
12
255
219
30
1234321
2
101
100 867530919283017248127398712930812739817293871209387150283712028730918370918273098127398172930817209387129038709128730918273091873091846916478265094591873098172965871648126934985192873649172649871236498176235815284691289746381276491039648172634981273468129376491873649817359812746892317649871264897518927643891726438712649871624987162893476192834761298347612987469812763498234876129438761827346918756103609128364876234896129387461928736489175691872364987126481923746918723649871263498716234871623487658716238476123984761982734698175981726348716234016293476129837468917263489716
